LASSO
1997
[16056.13246926 14650.39921906 15482.86976817 13370.12835198]
14889.88245211578
8888
[16151.6714912  14778.47129638 15913.45594118 13285.93068247]
15032.382352809087
5555
[15930.082499   14461.24393503 15444.67878424 13118.195281  ]
14738.550124820176

Ridge
1997
[16044.15473615 14654.44629278 15490.03384003 13391.38095212]
14895.00395527087
8888
[16169.74297913 14781.27477447 15914.53965034 13287.96116468]
15038.37964215475
5555
[15927.29635714 14463.99371262 15451.29614588 13124.88108931]
14741.866826238638

elastic
1997
[16056.13248471 14650.39924075 15482.86982292 13370.12840102]
14889.882487349401
8888
[16151.67154078 14778.4713298  15913.45603173 13285.93072624]
15032.382407136116
5555
[15930.08250057 14461.2439505  15444.67885435 13118.19534509]
14738.550162628473

lgbm
1997
[24714.14109995 17490.00531195 19001.15966411 18356.38201264]
19890.42202216161
8888
[24601.09885029 17546.06772189 21545.50451551 21269.48293687]
21240.53850614081
5555
[23878.86316544 18312.4428763  19156.2332424  17960.96875152]
19827.12700891431

lgbm classあり
1997
[24823.25070331 17380.460222   19035.87691582 18508.27565139]
19936.96587313122
8888
[24746.89364611 17334.76947142 21521.11992687 21167.47703455]
21192.56501973873
5555
[23674.66160241 18197.24892656 18868.95824655 17713.08675912]
19613.48888365625

rfr class あり
1997
[20310.03896903 16857.45357757 17312.64400467 13541.31109888]
17005.361912539487
8888
[20994.13928679 16831.60194988 19289.75660343 13917.01310329]
17758.127735848233
5555
[19837.84415183 17359.90089713 18333.76464634 13715.5903323 ]
17311.775006900058


xgb class　あり
5555
[18962.08731191 16705.11497862 14973.56781899 14038.37380355]
16169.78597827013
8888
[22148.24349565 16623.11508032 19177.81623357 14450.46288061]
18099.90942253589
1997
[19434.00750235 16518.52377568 15466.96413973 12966.17659179]
16096.418002386717

xgb class なし
1997
[19619.1240979  16475.95602692 15468.99883326 12909.04876349]
16118.281930392786
8888
[22115.29519779 16621.79721574 19276.89394804 13675.26543058]
17922.312948034603
5555
[19007.53887915 16573.36923599 15010.63199228 13610.4899385 ]
16050.507511481126