[7.79526397e+03 0.00000000e+00 1.50678859e+03 1.29861431e+04
 0.00000000e+00 0.00000000e+00 1.12945135e+03 5.97942486e+02
 0.00000000e+00 0.00000000e+00 0.00000000e+00 0.00000000e+00
 0.00000000e+00 0.00000000e+00 1.78069062e+04 0.00000000e+00
 0.00000000e+00 2.67217681e+04 0.00000000e+00 1.49097073e+01
 7.76459644e+02 0.00000000e+00 0.00000000e+00 0.00000000e+00
 0.00000000e+00 0.00000000e+00 0.00000000e+00 0.00000000e+00
 0.00000000e+00 0.00000000e+00 0.00000000e+00 3.81235131e+03]
1997
[16293.45256019 14822.98062575 15131.90230291 13197.36521103]
14861.425174972474
[    0.             0.             0.         16587.92389976
     0.             0.             0.          1276.04243217
     0.             0.             0.             0.
     0.             0.         24465.79535719     0.
     0.         24994.65718058     0.             0.
   788.96974334     0.             0.             0.
     0.             0.             0.             0.
     0.             0.             0.          4915.83013068]
8888
[16212.94561125 14793.90462737 15126.85541711 13100.80085297]
14808.626627175698
[ 4202.34805152     0.             0.         14971.23396221
     0.             0.           140.64094987     0.
  1647.70577934     0.             0.             0.
     0.             0.         30442.96593718     0.
     0.         16921.46209181     0.           101.69459632
   683.6624967      0.             0.             0.
     0.             0.             0.             0.
     0.             0.             0.          4153.25557721]
5555
[16247.66138371 14540.56374068 15073.67538542 12959.36008715]
14705.31514923636